# oST version 5.0 parameters

[image]

width
640

height
480

[narrow_stereo]

camera matrix
724.802854 0.000000 301.024339
0.000000 726.958453 225.429107
0.000000 0.000000 1.000000

distortion
0.263029 -0.857592 0.001400 -0.001215 0.000000

rectification
1.000000 0.000000 0.000000
0.000000 1.000000 0.000000
0.000000 0.000000 1.000000

projection
736.966858 0.000000 299.612002 0.000000
0.000000 740.353638 225.373243 0.000000
0.000000 0.000000 1.000000 0.000000
