# oST version 5.0 parameters

[image]

width
640

height
480

[narrow_stereo]

camera matrix
724.802854 0.000000 301.024339
0.000000 726.958453 225.429107
0.000000 0.000000 1.000000

distortion
0.263029 -0.857592 0.001400 -0.001215 0.000000

rectification
1.000000 0.000000 0.000000
0.000000 1.000000 0.000000
0.000000 0.000000 1.000000

projection
736.966858 0.000000 299.612002 0.000000
0.000000 740.353638 225.373243 0.000000
0.000000 0.000000 1.000000 0.000000


# oST version 5.0 parameters

[image]

width
640

height
480

[narrow_stereo]

camera matrix
699.766674 0.000000 327.292116
0.000000 700.520090 258.965846
0.000000 0.000000 1.000000

distortion
0.075337 -0.381668 0.004241 -0.002063 0.000000

rectification
1.000000 0.000000 0.000000
0.000000 1.000000 0.000000
0.000000 0.000000 1.000000

projection
698.190063 0.000000 326.112049 0.000000
0.000000 701.154968 259.594614 0.000000
0.000000 0.000000 1.000000 0.000000

# oST version 5.0 parameters

[image]

width
1280

height
720

[narrow_stereo]

camera matrix
1118.270139 0.000000 662.010610
0.000000 1115.511059 325.969067
0.000000 0.000000 1.000000

distortion
0.004304 -0.094863 -0.002516 0.007461 0.000000

rectification
1.000000 0.000000 0.000000
0.000000 1.000000 0.000000
0.000000 0.000000 1.000000

projection
1105.540771 0.000000 671.139086 0.000000
0.000000 1115.322998 324.245423 0.000000
0.000000 0.000000 1.000000 0.000000
