# oST version 5.0 parameters

[image]

width
1920

height
1080

[narrow_stereo]

camera matrix
1070.898934 0.000000 953.403470
0.000000 1070.955014 565.777815
0.000000 0.000000 1.000000

distortion
0.053593 -0.044680 0.007569 0.000343 0.000000

rectification
1.000000 0.000000 0.000000
0.000000 1.000000 0.000000
0.000000 0.000000 1.000000

projection
1088.969482 0.000000 953.566825 0.000000
0.000000 1087.523804 574.038066 0.000000
0.000000 0.000000 1.000000 0.000000